park mariborski_park {


    boundary: {
         (46.566371823943655, 15.645181553612389)
         (46.56395934327557, 15.644381572195414)
         (46.56397308420148, 15.646435197641495)
         (46.56403897827505, 15.64643715355615)
         (46.56404452648792, 15.64792295937093)
         (46.563957115974034, 15.6479249152855)
         (46.56395308163928, 15.64812637449188)
         (46.563090650612, 15.648148738143703)
         (46.563109125804544, 15.649969561129069)
         (46.56560781031999, 15.649871299916072)
         (46.56567151312092, 15.64971775650855)
         (46.56594452278304, 15.649355083021362)
         (46.56617021096943, 15.649193597713577)
         (46.56678692550088, 15.649110724713836)
         (46.56690886814664, 15.64857597008853)
         (46.567227244155305, 15.648345655064844)
         (46.56733462562809, 15.64867127298055)
         (46.56758578824292, 15.648705687881858)
         (46.56763310860538, 15.648660683780122)
         (46.56809774753563, 15.648828281816577)
         (46.568125047492344, 15.648889169720576)
         (46.56822332722194, 15.648912995421426)
         (46.56825244710731, 15.648878580520119)
         (46.5682706470283, 15.648500016600792)
         (46.568632824178394, 15.6485132531013)
         (46.56881438601425, 15.648356663934948)
         (46.56895998369984, 15.648311659833269)
         (46.56907282163715, 15.648303717932947)
         (46.569194759144125, 15.648330190933962)
         (46.5691783794951, 15.648491676241747)
         (46.569494707043845, 15.64848373315661)
         (46.569678521751115, 15.648367251950475)
         (46.57019787815847, 15.648046437864792)
         (46.57047632628817, 15.647919367458343)
         (46.570855267152524, 15.647800109941727)
         (46.5709644613444, 15.647725985537306)
         (46.57147977988899, 15.647174418185074)
         (46.57172342509068, 15.646815012085796)
         (46.571974567383506, 15.64649468877036)
         (46.572413153866904, 15.646208780469806)
         (46.57349477963632, 15.645166585754197)
         (46.573139841508436, 15.644399673653908)
         (46.57333638261656, 15.644007873235665)
         (46.57298515587627, 15.64340958340631)
         (46.572612089673186, 15.643952278191222)
         (46.57247378119453, 15.644203771704042)
         (46.57240826652912, 15.64427524880685)
         (46.57218988373913, 15.644404966513378)
         (46.57197331993734, 15.644982077941904)
         (46.57128540637808, 15.644526743648669)
         (46.57077109127644, 15.643779118501328)
         (46.57037341763163, 15.644363460080655)
         (46.56988847975347, 15.64477609071082)
         (46.56993579810708, 15.645178480331055)
         (46.57009413229781, 15.645662936254467)
         (46.57003043469058, 15.646528603397229)
         (46.56971194553171, 15.646377707289815)
         (46.569448051683736, 15.646830394065688)
         (46.56912045928925, 15.646936286069774)
         (46.56901672128532, 15.64690187116841)
         (46.56860815039843, 15.646484207532126)
         (46.567939784256254, 15.646870987962416)
         (46.56769772333661, 15.647045709770708)
         (46.56775050362927, 15.64769165100185)
         (46.56724486661045, 15.647809497840058)
         (46.5671575052836, 15.64779890863963)
         (46.567004622623415, 15.64768242743358)
         (46.56689542045953, 15.647470643423873)
         (46.56683171909586, 15.647166203908995)
         (46.566718876496395, 15.647219149910995)
         (46.56664789474112, 15.647176793109395)
         (46.566640614555354, 15.646859117094039)
         (46.56651450717101, 15.646522528218668)
         (46.56649812671208, 15.645678039478298)
         (46.566370722976785, 15.6456542137758)
         (46.566371823943655, 15.645181553612389)
    }

    pot {
        line((46.56399832609, 15.647936709629732), (46.56401650981266, 15.648092188087276))
        line((46.56401650981266, 15.648092188087276), (46.564013754703524, 15.648251673721461))
        line((46.564013754703524, 15.648251673721461), (46.564041305788265, 15.648344640221637))
        line((46.564041305788265, 15.648344640221637), (46.56405670743209, 15.648825961695792))
        line((46.56405670743209, 15.648825961695792), (46.564078323315584, 15.648912318002488))
        line((46.56407771872364, 15.648937819198665), (46.564078323315584, 15.648912318002488))
    }

    pot {
        line((46.56401685521797, 15.648091214001141), (46.565405578320366, 15.648035148192548))
        line((46.565405578320366, 15.648035148192548), (46.56584324987901, 15.64801219540621))
        line((46.56584324987901, 15.64801219540621), (46.566292992402964, 15.648007094789307))
        line((46.566292992402964, 15.648007094789307), (46.56629737583995, 15.648161388450404))
        line((46.56629737583995, 15.648161388450404), (46.56583915404124, 15.64817575648317))
        line((46.56583915404124, 15.64817575648317), (46.56519922338737, 15.648201767377628))
        line((46.56519922338737, 15.648201767377628), (46.56448866793292, 15.648232452755764))
        line((46.56448866793292, 15.648232452755764), (46.56401360699388, 15.648250718234294))

        line((46.5640435920659, 15.64441822572519), (46.5640754852287, 15.644592606642476))
        line((46.5640754852287, 15.644592606642476), (46.564118009478534, 15.645120046426683))
        line((46.564118009478534, 15.645120046426683), (46.56417175535847, 15.645345969330407))
        line((46.56417175535847, 15.645345969330407), (46.5644713909156, 15.646157840306557))
        line((46.5644713909156, 15.646157840306557), (46.56450328387339, 15.646280680516497))
        line((46.56450328387339, 15.646280680516497), (46.564510371194785, 15.646455921096248))
        line((46.564510371194785, 15.646455921096248), (46.56452218339578, 15.646530656048498))
        line((46.56452218339578, 15.646530656048498), (46.565107594159485, 15.64692509401749))
        line((46.565107594159485, 15.64692509401749), (46.56513645628053, 15.646988063199956))

        line((46.56402521694568, 15.646482813288742), (46.56451010541318, 15.646456710285008))

        line((46.56404651943825, 15.64443459713604), (46.5642673261016, 15.644710365376397))
        line((46.5642673261016, 15.644710365376397), (46.56437762942517, 15.64480061334703))
        line((46.56437762942517, 15.64480061334703), (46.56449955186682, 15.644823592779545))
        line((46.56449955186682, 15.644823592779545), (46.564710179679764, 15.644729589508614))
        line((46.564710179679764, 15.644729589508614), (46.56480976842212, 15.644812562202247))
        line((46.56480976842212, 15.644812562202247), (46.56500270435211, 15.645046993906874))
        line((46.56500270435211, 15.645046993906874), (46.56526212740303, 15.645353521654954))
        line((46.56526212740303, 15.645353521654954), (46.56535619840409, 15.645538278069665))
        line((46.56535619840409, 15.645538278069665), (46.565649793328845, 15.646014984919844))
        line((46.565649793328845, 15.646014984919844), (46.56570065095815, 15.646104748904321))
        line((46.56570065095815, 15.646104748904321), (46.565773150616735, 15.64633046567576))
        line((46.565773150616735, 15.64633046567576), (46.56581389418437, 15.6465256801811))
        line((46.56581389418437, 15.6465256801811), (46.56585987018505, 15.646512136912406))
        line((46.56585987018505, 15.646512136912406), (46.56594284017669, 15.646528920244265))
        line((46.56594284017669, 15.646528920244265), (46.5659878966334, 15.646401046880953))
        line((46.5659878966334, 15.646401046880953), (46.56627095301448, 15.64592783931252))
        line((46.56627095301448, 15.64592783931252), (46.566316009201216, 15.645263700053562))
        line((46.566316009201216, 15.645263700053562), (46.56621161057106, 15.645275688147734))
        line((46.56621161057106, 15.645275688147734), (46.56608236726379, 15.64528862828189))
        line((46.56608236726379, 15.64528862828189), (46.56584956132758, 15.645276886159962))
        line((46.56584956132758, 15.645276886159962), (46.56569021459981, 15.645220142513239))
        line((46.56569021459981, 15.645220142513239), (46.5654359139082, 15.645227846127028))
        line((46.5654359139082, 15.645227846127028), (46.565094459830505, 15.645458127159827))
        line((46.565094459830505, 15.645458127159827), (46.56483730235723, 15.645729057410932))
        line((46.56483730235723, 15.645729057410932), (46.56472193780607, 15.64589648877282))
        line((46.56472193780607, 15.64589648877282), (46.564579621757986, 15.64613625065914))
        line((46.564579621757986, 15.64613625065914), (46.56453731150927, 15.646240946682468))
        line((46.56453731150927, 15.646240946682468), (46.56450379297766, 15.646280906996367))

        line((46.56631627221017, 15.645263505436844), (46.56633909241938, 15.645173316158491))

        line((46.56569169212324, 15.645221174270148), (46.56579019985497, 15.644992981946643))

        line((46.56471764383451, 15.644635951595717), (46.564709508043705, 15.644728529592584))
        line((46.564709508043705, 15.644728529592584), (46.56474348692669, 15.645096753355517))
        line((46.56474348692669, 15.645096753355517), (46.56474939901133, 15.645241336641448))
        line((46.56474939901133, 15.645241336641448), (46.56475235076272, 15.645332353369838))
        line((46.56475235076272, 15.645332353369838), (46.56473464025186, 15.645784002423426))
        line((46.56473464025186, 15.645784002423426), (46.564721652539504, 15.645900778604272))

        line((46.56452180259768, 15.646529790016984), (46.56437787405949, 15.646869896557064))
        line((46.56437787405949, 15.646869896557064), (46.56428884072068, 15.647024536893866))
        line((46.56428884072068, 15.647024536893866), (46.56421008941447, 15.647242018581096))
        line((46.56421008941447, 15.647242018581096), (46.56418218020869, 15.64742276180391))
        line((46.56418218020869, 15.64742276180391), (46.5641765127057, 15.6477557046735))
        line((46.5641765127057, 15.6477557046735), (46.56415115685388, 15.64783742517588))
        line((46.56415115685388, 15.64783742517588), (46.56408769238075, 15.64789592898606))
        line((46.56408769238075, 15.64789592898606), (46.564030106780166, 15.648002155622635))
        line((46.564030106780166, 15.648002155622635), (46.56401676376652, 15.648088975470074))

        line((46.564153525665574, 15.647831162530792), (46.56421711675594, 15.647889077169992))
        line((46.56421711675594, 15.647889077169992), (46.56428308500486, 15.647902907531318))
        line((46.56428308500486, 15.647902907531318), (46.564387683145014, 15.647894263555486))
        line((46.564387683145014, 15.647894263555486), (46.564497035091506, 15.647860552467904))
        line((46.564497035091506, 15.647860552467904), (46.56466403477657, 15.64774385879295))
        line((46.56466403477657, 15.64774385879295), (46.565099067894465, 15.647360957301913))
        line((46.565099067894465, 15.647360957301913), (46.56503072343787, 15.647430973507312))
        line((46.56503072343787, 15.647430973507312), (46.565001008429846, 15.647506176098233))
        line((46.565001008429846, 15.647506176098233), (46.56497604781049, 15.647612497002143))
        line((46.56497604781049, 15.647612497002143), (46.564973670608055, 15.647775868147676))
        line((46.564973670608055, 15.647775868147676), (46.56496178459443, 15.647966035618367))
        line((46.56496178459443, 15.647966035618367), (46.56496594469948, 15.648051610979252))

        line((46.56627032681658, 15.645928547907857), (46.56625358728107, 15.646151149700472))
        line((46.56625358728107, 15.646151149700472), (46.566213191883406, 15.646572489274803))
        line((46.566213191883406, 15.646572489274803), (46.56618232385463, 15.647052643129967))
        line((46.56618232385463, 15.647052643129967), (46.56616825848488, 15.647620758884813))
        line((46.56616825848488, 15.647620758884813), (46.56620037485661, 15.647785033066697))
        line((46.56620037485661, 15.647785033066697), (46.566223761675616, 15.647890947785186))
        line((46.566223761675616, 15.647890947785186), (46.56606703643703, 15.647889754643273))
        line((46.56606703643703, 15.647889754643273), (46.56591510094927, 15.647863448619546))
        line((46.56591510094927, 15.647863448619546), (46.565866292361534, 15.64781052712388))
        line((46.565866292361534, 15.64781052712388), (46.56561707109827, 15.647412482018836))
        line((46.56561707109827, 15.647412482018836), (46.56550702925213, 15.647264043675762))
        line((46.56550702925213, 15.647264043675762), (46.565390775123944, 15.647171108366251))
        line((46.565390775123944, 15.647171108366251), (46.565344628377886, 15.647156909914656))
        line((46.565344628377886, 15.647156909914656), (46.56534491716636, 15.647234798641477))
        line((46.56534491716636, 15.647234798641477), (46.565327860094726, 15.647305091694989))
        line((46.565327860094726, 15.647305091694989), (46.565387559821346, 15.647364013812279))
        line((46.565387559821346, 15.647364013812279), (46.56544086309279, 15.647464284785116))
        line((46.56544086309279, 15.647464284785116), (46.565452945160274, 15.647549049937624))
        line((46.565452945160274, 15.647549049937624), (46.56544868090148, 15.647650354630542))
        line((46.56544868090148, 15.647650354630542), (46.56542440799933, 15.647736297248514))
        line((46.56542440799933, 15.647736297248514), (46.56539811171754, 15.647872748468842))
        line((46.56539811171754, 15.647872748468842), (46.565408061663504, 15.647988525262008))
        line((46.565408061663504, 15.647988525262008), (46.56539953313853, 15.648038143887135))
        line((46.56526983518975, 15.646981465331322), (46.56529700148337, 15.646928006538246))
        line((46.56529700148337, 15.646928006538246), (46.565498331096535, 15.646810639395738))
        line((46.565498331096535, 15.646810639395738), (46.56561658377882, 15.646743234829188))
        line((46.56561658377882, 15.646743234829188), (46.5656661219879, 15.6466886138885))
        line((46.5656661219879, 15.6466886138885), (46.56577638429073, 15.646547994018391))
        line((46.56577638429073, 15.646547994018391), (46.565813138342065, 15.6465259132126))
        line((46.565813138342065, 15.6465259132126), (46.56585991857429, 15.646512101891261))
        line((46.56585991857429, 15.646512101891261), (46.565945129987625, 15.646525987320388))
        line((46.565945129987625, 15.646525987320388), (46.5660179683868, 15.646604344183402))
        line((46.5660179683868, 15.646604344183402), (46.566077632484195, 15.64674357664569))
        line((46.566077632484195, 15.64674357664569), (46.56612483919585, 15.646929537809143))
        line((46.56612483919585, 15.646929537809143), (46.566122216601855, 15.64701631968606))
        line((46.566122216601855, 15.64701631968606), (46.566087496632406, 15.647292534442698))
        line((46.566087496632406, 15.647292534442698), (46.56608807981718, 15.647426557514848))
        line((46.56608807981718, 15.647426557514848), (46.56611840541876, 15.647574152544621))
        line((46.56611840541876, 15.647574152544621), (46.566130652291235, 15.647611475425208))
        line((46.566130652291235, 15.647611475425208), (46.566149314186845, 15.64778282137894))
        line((46.566149314186845, 15.64778282137894), (46.56620121755091, 15.647783669626222))
        line((46.56620121755091, 15.647783669626222), (46.56637474643907, 15.647635225998641))
        line((46.56637474643907, 15.647635225998641), (46.56651820895226, 15.647198378642344))
        line((46.56651820895226, 15.647198378642344), (46.566424900043245, 15.647184806685772))
        line((46.566424900043245, 15.647184806685772), (46.56612281135108, 15.647013460732012))

        line((46.566431274646646, 15.646393793463943), (46.56641161315656, 15.646453731699069))
        line((46.56641161315656, 15.646453731699069), (46.56634230186623, 15.646494837726095))
        line((46.56634230186623, 15.646494837726095), (46.56628924267301, 15.64653949758818))
        line((46.56628924267301, 15.64653949758818), (46.56620924978219, 15.646640961659159))

        line((46.566167963322584, 15.647618388723174), (46.56613086032712, 15.647611298208716))

        line((46.56594277213168, 15.646526708176026), (46.56589009797912, 15.646683460223272))
        line((46.56589009797912, 15.646683460223272), (46.56585377094743, 15.647063011527877))
        line((46.56585377094743, 15.647063011527877), (46.565812837281925, 15.647408524508421))
        line((46.565812837281925, 15.647408524508421), (46.56580496641601, 15.647554709001014))

        line((46.565917299044514, 15.647864484555441), (46.5658379692471, 15.64801292309474))
        line((46.5658379692471, 15.64801292309474), (46.56584086148129, 15.648178188673171))

        line((46.565742628828815, 15.648016804220703), (46.56574676059921, 15.648179665937676))
        line((46.5654816120057, 15.648032528588232), (46.565486510176925, 15.648189264350265))

        line((46.56519481835508, 15.64804233622371), (46.565196332185224, 15.648201969819581))
        line((46.565297001794704, 15.648039033459781), (46.56529927253558, 15.648199767976962))
        line((46.56538160757839, 15.648036684461431), (46.565385689395356, 15.648193420223379))
        line((46.56458065427384, 15.648068064258894), (46.56458013200114, 15.648226826726841))

        line((46.56448810231328, 15.648072394008892), (46.56449032483954, 15.648232730387633))
        line((46.56449032483954, 15.648232730387633), (46.564428983080404, 15.64841569488496))
        line((46.564428983080404, 15.64841569488496), (46.56453673197964, 15.648569789573287))
        line((46.56453673197964, 15.648569789573287), (46.564801675327374, 15.649052226746079))
        line((46.564801675327374, 15.649052226746079), (46.56547413180243, 15.649098737950453))
        line((46.56547413180243, 15.649098737950453), (46.56549494350355, 15.64914595986994))
        line((46.56549494350355, 15.64914595986994), (46.56562348342922, 15.649225240160291))
        line((46.56562348342922, 15.649225240160291), (46.56572837403192, 15.649283359445462))
        line((46.56572837403192, 15.649283359445462), (46.56585990323029, 15.649337846273966))
        line((46.56585990323029, 15.649337846273966), (46.56570729671196, 15.649615456434503))
        line((46.56570729671196, 15.649615456434503), (46.565523229161556, 15.64978763300266))
        line((46.565523229161556, 15.64978763300266), (46.56439897729908, 15.649853841612497))
        line((46.56439897729908, 15.649853841612497), (46.56400662907134, 15.649830528868307))
        line((46.56400662907134, 15.649830528868307), (46.56335733354672, 15.649724442180485))
        line((46.56335733354672, 15.649724442180485), (46.56328038766952, 15.649648057305171))
        line((46.56328038766952, 15.649648057305171), (46.56312839576793, 15.649861959459543))
        line((46.56312839576793, 15.649861959459543), (46.563115590336366, 15.648390400078569))
        line((46.563115590336366, 15.648390400078569), (46.56337576483378, 15.64859611863372))
        line((46.56337576483378, 15.64859611863372), (46.56364131434498, 15.648811301559164))
        line((46.56364131434498, 15.648811301559164), (46.563962062647704, 15.64901678876538))
        line((46.563962062647704, 15.64901678876538), (46.56400120144784, 15.649032061462975))
        line((46.56400120144784, 15.649032061462975), (46.563990700796495, 15.649088986972941))
        line((46.563990700796495, 15.649088986972941), (46.56382459932138, 15.649151466191142))
        line((46.56382459932138, 15.649151466191142), (46.5634809394825, 15.649097317535222))
        line((46.5634809394825, 15.649097317535222), (46.5634437095583, 15.64913619357327))
        line((46.5634437095583, 15.64913619357327), (46.5634112526613, 15.649188953802138))
        line((46.5634112526613, 15.649188953802138), (46.563325337250774, 15.649466639215063))
        line((46.563325337250774, 15.649466639215063), (46.56328142487729, 15.649649911588426))
        line((46.56622246738826, 15.64789261163503), (46.56629282703173, 15.64800651439191))
        line((46.56629282703173, 15.64800651439191), (46.56629680215005, 15.648162046580524))
        line((46.56629680215005, 15.648162046580524), (46.566295212102744, 15.648327407942901))
        line((46.566295212102744, 15.648327407942901), (46.566292093769675, 15.6484236414002))
        line((46.566292093769675, 15.6484236414002), (46.56629487635303, 15.648498805656004))
        line((46.56629487635303, 15.648498805656004), (46.56625217967863, 15.64856024837104))
        line((46.56625217967863, 15.64856024837104), (46.56614546016684, 15.648810835430567))
        line((46.56614546016684, 15.648810835430567), (46.566131103266, 15.648852599940852))
        line((46.566131103266, 15.648852599940852), (46.56606282570425, 15.648990593093544))
        line((46.56606282570425, 15.648990593093544), (46.56593983460854, 15.649198023493199))
        line((46.56593983460854, 15.649198023493199), (46.56585872610398, 15.649338771579238))

        line((46.56337388620739, 15.648594579529686), (46.56344556996248, 15.649133226113236))
        line((46.56344556996248, 15.649133226113236), (46.56348109979845, 15.649097128941918))
        line((46.56348109979845, 15.649097128941918), (46.56364166946565, 15.648811085285644))
        line((46.56364166946565, 15.648811085285644), (46.56373142522992, 15.648661856009028))
        line((46.56373142522992, 15.648661856009028), (46.56384222452397, 15.648510472307265))
        line((46.56384222452397, 15.648510472307265), (46.56397911776213, 15.648354304545592))
        line((46.56397911776213, 15.648354304545592), (46.564008116094584, 15.648334166123448))
        line((46.564008116094584, 15.648334166123448), (46.56404562538012, 15.648339507682607))
        line((46.56404562538012, 15.648339507682607), (46.56422327741038, 15.64851891608211))
        line((46.56422327741038, 15.64851891608211), (46.56432453363422, 15.648583001859294))
        line((46.56432453363422, 15.648583001859294), (46.564535703692314, 15.648567401187194))
        line((46.564535703692314, 15.648567401187194), (46.56467925878937, 15.648546984182218))
        line((46.56467925878937, 15.648546984182218), (46.56482338993001, 15.64848848144402))
        line((46.56482338993001, 15.64848848144402), (46.564959476190126, 15.648421203293879))
        line((46.564959476190126, 15.648421203293879), (46.56501401409275, 15.648417303115934))
        line((46.56501401409275, 15.648417303115934), (46.56505892914268, 15.648421203298483))
        line((46.56505892914268, 15.648421203298483), (46.565134010933576, 15.648460205123968))
        line((46.565134010933576, 15.648460205123968), (46.56529691124743, 15.648613287290061))
        line((46.56529691124743, 15.648613287290061), (46.56538622677118, 15.648749835397126))
        line((46.56538622677118, 15.648749835397126), (46.56548879321582, 15.648953619937544))
        line((46.56548879321582, 15.648953619937544), (46.5655961633467, 15.648881666960705))
        line((46.5655961633467, 15.648881666960705), (46.56580137928381, 15.648591959768197))
        line((46.56580137928381, 15.648591959768197), (46.565923688053005, 15.648435104087724))
        line((46.565923688053005, 15.648435104087724), (46.566009395462316, 15.64836399414014))
        line((46.566009395462316, 15.64836399414014), (46.566068545567475, 15.648333267620103))
        line((46.566068545567475, 15.648333267620103), (46.56619239063676, 15.648327553676666))
        line((46.56619239063676, 15.648327553676666), (46.56629379043531, 15.648317896770351))

        line((46.56433515981078, 15.648441937552633), (46.56442863385172, 15.648416116732903))
        line((46.56442863385172, 15.648416116732903), (46.56434892731514, 15.648307563900374))
        line((46.56434892731514, 15.648307563900374), (46.56433950744409, 15.648245383151107))
        line((46.56433950744409, 15.648245383151107), (46.564348565012466, 15.64830809085521))
        line((46.564348565012466, 15.64830809085521), (46.56434675349894, 15.648390295913174))
        line((46.56434675349894, 15.648390295913174), (46.564306537882146, 15.648571568604808))
        line((46.564306537882146, 15.648571568604808), (46.564323928422596, 15.648583688580459))
        line((46.564323928422596, 15.648583688580459), (46.56431414624427, 15.6486137250441))
        line((46.56431414624427, 15.6486137250441), (46.56423601065697, 15.648705400954697))
        line((46.56423601065697, 15.648705400954697), (46.56413673941813, 15.64885347544967))
        line((46.56413673941813, 15.64885347544967), (46.56411608807946, 15.648910913598854))
        line((46.56411608807946, 15.648910913598854), (46.56410232051553, 15.648933572685678))


        line((46.56410156309448, 15.649243754053856), (46.564102551741456, 15.649344410056727))
        line((46.564102551741456, 15.649344410056727), (46.56404916477797, 15.649629122748053))
        line((46.56404916477797, 15.649629122748053), (46.564021976952574, 15.64974272023585))
        line((46.564021976952574, 15.64974272023585), (46.56400764154765, 15.64983043475192))
        line((46.56400764154765, 15.64983043475192), (46.564021976952574, 15.649744158178692))
        line((46.564021976952574, 15.649744158178692), (46.564048670453985, 15.649629841719474))
        line((46.564048670453985, 15.649629841719474), (46.56411392118051, 15.649583108575257))
        line((46.56411392118051, 15.649583108575257), (46.564298394248596, 15.649514087273246))
        line((46.564298394248596, 15.649514087273246), (46.564349803681324, 15.649507616530286))
        line((46.564349803681324, 15.649507616530286), (46.56437550838004, 15.64960827253222))
        line((46.56437550838004, 15.64960827253222), (46.56466511132223, 15.64959433193934))

        line((46.56554342520147, 15.649872074204723), (46.56551807494591, 15.649783113707798))
        line((46.56551807494591, 15.649783113707798), (46.56541477764165, 15.649726485958979))
        line((46.56541477764165, 15.649726485958979), (46.56527233456137, 15.649591288208029))
        line((46.56527233456137, 15.649591288208029), (46.56518944280404, 15.64949179292941))
        line((46.56518944280404, 15.64949179292941), (46.56508277927517, 15.649328890186922))
        line((46.56508277927517, 15.649328890186922), (46.565034090272746, 15.649268607753612))
        line((46.565034090272746, 15.649268607753612), (46.564805491308846, 15.649051342406523))
        line((46.564805491308846, 15.649051342406523), (46.56473405357664, 15.64911217376283))
        line((46.56473405357664, 15.64911217376283), (46.56448786018248, 15.649319807753045))
        line((46.56448786018248, 15.649319807753045), (46.56435153001519, 15.649326489049088))
        line((46.56435153001519, 15.649326489049088), (46.5642795467881, 15.649285138211411))
        line((46.5642795467881, 15.649285138211411), (46.564185786979124, 15.649164604920657))
        line((46.564185786979124, 15.649164604920657), (46.56420151444246, 15.649095100322967))
        line((46.56420151444246, 15.649095100322967), (46.56419183600423, 15.649017677478923))
        line((46.56419183600423, 15.649017677478923), (46.56480325663554, 15.649049350478549))

        line((46.5643523718617, 15.649326025845284), (46.56434209216283, 15.649470413950581))
        line((46.56434209216283, 15.649470413950581), (46.56434972851105, 15.649508433303993))
        line((46.56434972851105, 15.649508433303993), (46.56437557460467, 15.649609248667758))
        line((46.56437557460467, 15.649609248667758), (46.56440098424483, 15.649854097263784))
        line((46.56440098424483, 15.649854097263784), (46.56440627094182, 15.6499156117234))

        line((46.56495297900429, 15.649680669766667), (46.56493282620423, 15.64958521851409))
        line((46.56493282620423, 15.64958521851409), (46.56494057728207, 15.649440914257838))
        line((46.56494057728207, 15.649440914257838), (46.565009820195456, 15.649366507375703))
        line((46.565009820195456, 15.649366507375703), (46.56508578060317, 15.649331182896702))

        line((46.563128658189015, 15.649861893391147), (46.563122148723465, 15.649968706845783))


        line((46.56401531024704, 15.648171345906633), (46.563114054663345, 15.64819406817196))
        line((46.563114054663345, 15.64819406817196), (46.56311147924046, 15.648154737593785))
        line((46.56311147924046, 15.648154737593785), (46.563115771611905, 15.648385726702486))

        line((46.5729847857541, 15.643464393508225), (46.57302455174076, 15.643653864520104))
        line((46.57302455174076, 15.643653864520104), (46.57301821223774, 15.643903697977606))
        line((46.57301821223774, 15.643903697977606), (46.57303550178975, 15.644064664501286))
        line((46.57303550178975, 15.644064664501286), (46.57302456384434, 15.644234992854024))
        line((46.57302456384434, 15.644234992854024), (46.57308450092745, 15.644359071215462))
        line((46.57308450092745, 15.644359071215462), (46.57310640099968, 15.644507462229654))
        line((46.57310640099968, 15.644507462229654), (46.57328544370799, 15.644788961528604))
        line((46.57328544370799, 15.644788961528604), (46.57348346932562, 15.645173812191445))

        line((46.56629408621518, 15.64806510550082), (46.56648611632596, 15.648061471342288))
        line((46.56648611632596, 15.648061471342288), (46.56671918087264, 15.648064088499268))
        line((46.56671918087264, 15.648064088499268), (46.56686010363475, 15.64805740318323))
        line((46.56686010363475, 15.64805740318323), (46.56707649680135, 15.64807509781619))
        line((46.56707649680135, 15.64807509781619), (46.56731500578661, 15.648087066534686))
        line((46.56731500578661, 15.648087066534686), (46.56756281850994, 15.648209335312686))
        line((46.56756281850994, 15.648209335312686), (46.56796204703704, 15.648384465774939))
        line((46.56796204703704, 15.648384465774939), (46.56799357783197, 15.6483330061086))
        line((46.56799357783197, 15.6483330061086), (46.56802023673913, 15.648330725110384))
        line((46.56802023673913, 15.648330725110384), (46.5680500319728, 15.64835764089716))
        line((46.5680500319728, 15.64835764089716), (46.56805442284792, 15.648377257486658))
        line((46.56805442284792, 15.648377257486658), (46.56813854202338, 15.648364463376112))
        line((46.56813854202338, 15.648364463376112), (46.56844596449355, 15.648297674988015))
        line((46.56844596449355, 15.648297674988015), (46.568954107360696, 15.648186191770833))
        line((46.568954107360696, 15.648186191770833), (46.56905686742701, 15.648159798027791))

        line((46.57302449178283, 15.644235489921215), (46.57296262779752, 15.644180869576644))
        line((46.57296262779752, 15.644180869576644), (46.57291049677838, 15.644149717608371))
        line((46.57291049677838, 15.644149717608371), (46.57286788341784, 15.644143738947434))
        line((46.57286788341784, 15.644143738947434), (46.57277983214789, 15.644163451756498))
        line((46.57277983214789, 15.644163451756498), (46.572607816027954, 15.64429280624961))
        line((46.572607816027954, 15.64429280624961), (46.57251740517546, 15.644354181810854))
        line((46.57251740517546, 15.644354181810854), (46.57233812456761, 15.644455842120351))
        line((46.57233812456761, 15.644455842120351), (46.57214256807998, 15.644584438533059))
        line((46.57214256807998, 15.644584438533059), (46.57207444059088, 15.644843128976447))
        line((46.57207444059088, 15.644843128976447), (46.571963267613, 15.645085708573333))
        line((46.571963267613, 15.645085708573333), (46.57187083817209, 15.644950965473527))
        line((46.57187083817209, 15.644950965473527), (46.57170967047651, 15.64487018799943))
        line((46.57170967047651, 15.64487018799943), (46.571646275074755, 15.64485468220741))
        line((46.571646275074755, 15.64485468220741), (46.571325979752146, 15.644719490160867))
        line((46.571325979752146, 15.644719490160867), (46.571265033803, 15.644688088675593))
        line((46.571265033803, 15.644688088675593), (46.5712195907162, 15.64472807729814))
        line((46.5712195907162, 15.64472807729814), (46.57116909835358, 15.644716651976722))
        line((46.57116909835358, 15.644716651976722), (46.57111972799731, 15.644639123016645))
        line((46.57111972799731, 15.644639123016645), (46.57112593188836, 15.644477986634882))
        line((46.57112593188836, 15.644477986634882), (46.57110685696841, 15.644367813901141))
        line((46.57110685696841, 15.644367813901141), (46.57095313530769, 15.644282123996902))
        line((46.57095313530769, 15.644282123996902), (46.57092265980856, 15.644195488154395))
        line((46.57092265980856, 15.644195488154395), (46.57082896787361, 15.644039614138933))
        line((46.57082896787361, 15.644039614138933), (46.570685905025755, 15.643935154064394))

        line((46.56653346290605, 15.646584424853302), (46.5664961341688, 15.64665615455064))
        line((46.5664961341688, 15.64665615455064), (46.566473873900634, 15.646827010703618))
        line((46.566473873900634, 15.646827010703618), (46.56646324521617, 15.647033115308204))
        line((46.56646324521617, 15.647033115308204), (46.56649704981422, 15.647135703383924))
        line((46.56649704981422, 15.647135703383924), (46.566567580327444, 15.647200048568465))
        line((46.566567580327444, 15.647200048568465), (46.5665174994993, 15.647200655597771))
        line((46.5665174994993, 15.647200655597771), (46.56656924968755, 15.647200048568465))
        line((46.56656924968755, 15.647200048568465), (46.56666698956849, 15.64725501565519))
        line((46.56666698956849, 15.64725501565519), (46.56669912468351, 15.647263514075547))
        line((46.56669912468351, 15.647263514075547), (46.5667216609867, 15.647249552384096))
        line((46.5667216609867, 15.647249552384096), (46.5667533787302, 15.647256836744475))
        line((46.5667533787302, 15.647256836744475), (46.56676882025701, 15.647289616366066))
        line((46.56676882025701, 15.647289616366066), (46.56681736256357, 15.647469364192261))
        line((46.56681736256357, 15.647469364192261), (46.566850937090265, 15.647622833359321))
        line((46.566850937090265, 15.647622833359321), (46.56689742031156, 15.647731912800566))
        line((46.56689742031156, 15.647731912800566), (46.56697861090933, 15.647820258133322))
        line((46.56697861090933, 15.647820258133322), (46.56703439063912, 15.647869839698103))
        line((46.56703439063912, 15.647869839698103), (46.56719836865247, 15.64795742155738))
        line((46.56719836865247, 15.64795742155738), (46.567508046738425, 15.647874927070461))
        line((46.567508046738425, 15.647874927070461), (46.56761538281435, 15.647913586713713))
        line((46.56761538281435, 15.647913586713713), (46.56776683309786, 15.647852606701434))
        line((46.56776683309786, 15.647852606701434), (46.5679950515657, 15.647682673364756))
        line((46.5679950515657, 15.647682673364756), (46.56826487077714, 15.64757490210522))
        line((46.56826487077714, 15.64757490210522), (46.568721984921126, 15.647571751517404))
        line((46.568721984921126, 15.647571751517404), (46.56901387276088, 15.647519717423279))
        line((46.56901387276088, 15.647519717423279), (46.569383368340425, 15.647245916401005))
        line((46.569383368340425, 15.647245916401005), (46.56941091108004, 15.647172629337064))
        line((46.56941091108004, 15.647172629337064), (46.56941964414074, 15.646849189096372))

        line((46.566664304653386, 15.64725461364631), (46.56669083563588, 15.64740275765729))
        line((46.56669083563588, 15.64740275765729), (46.566688876973416, 15.647461808068016))
        line((46.566688876973416, 15.647461808068016), (46.566672002537445, 15.647547358644601))
        line((46.566672002537445, 15.647547358644601), (46.56666790715056, 15.64759941624203))
        line((46.56666790715056, 15.64759941624203), (46.5666748515022, 15.647636970231474))
        line((46.5666748515022, 15.647636970231474), (46.56666562035426, 15.647741424926153))
        line((46.56666562035426, 15.647741424926153), (46.56666846931981, 15.64777871992166))
        line((46.56666846931981, 15.64777871992166), (46.56668307026354, 15.647791410580737))
        line((46.56668307026354, 15.647791410580737), (46.566698561504666, 15.647786230720243))
        line((46.566698561504666, 15.647786230720243), (46.566714943041944, 15.647759295444502))
        line((46.566714943041944, 15.647759295444502), (46.56681639253958, 15.647469409491691))

        line((46.57328642555996, 15.644791645378007), (46.5730163663589, 15.644737094510049))
        line((46.5730163663589, 15.644737094510049), (46.57292071695562, 15.644765142600818))
        line((46.57292071695562, 15.644765142600818), (46.57278681731219, 15.644832803487418))
        line((46.57278681731219, 15.644832803487418), (46.572690070917275, 15.644887873985596))
        line((46.572690070917275, 15.644887873985596), (46.572592623286596, 15.644965380612149))
        line((46.572592623286596, 15.644965380612149), (46.57252882654191, 15.645026570053204))
        line((46.57252882654191, 15.645026570053204), (46.572470436971315, 15.64508339171158))
        line((46.572470436971315, 15.64508339171158), (46.57240841053266, 15.645186510055424))
        line((46.57240841053266, 15.645186510055424), (46.572308608445525, 15.645442949095184))
        line((46.572308608445525, 15.645442949095184), (46.57213041865231, 15.646025254555298))
        line((46.57213041865231, 15.646025254555298), (46.57190099229584, 15.646419008061656))
        line((46.57190099229584, 15.646419008061656), (46.571754207167345, 15.64662741240548))
        line((46.571754207167345, 15.64662741240548), (46.571557927151844, 15.646873670171999))
        line((46.571557927151844, 15.646873670171999), (46.57135714127807, 15.647185944279357))
        line((46.57135714127807, 15.647185944279357), (46.570877578621065, 15.647707060853492))
        line((46.570877578621065, 15.647707060853492), (46.57077889571943, 15.647742811349104))
        line((46.57077889571943, 15.647742811349104), (46.570667741218216, 15.647740611498904))
        line((46.570667741218216, 15.647740611498904), (46.570594650500055, 15.647756800220293))
        line((46.570594650500055, 15.647756800220293), (46.57045929865663, 15.647829945209935))
        line((46.57045929865663, 15.647829945209935), (46.5700498049124, 15.648074083095366))
        line((46.5700498049124, 15.648074083095366), (46.569609017127334, 15.64832112444563))
        line((46.569609017127334, 15.64832112444563), (46.569419238831244, 15.648375528773784))
        line((46.569419238831244, 15.648375528773784), (46.56928209935717, 15.648394671037437))
        line((46.56928209935717, 15.648394671037437), (46.56924762241022, 15.64835813322756))
        line((46.56924762241022, 15.64835813322756), (46.5691700578343, 15.647820119595025))
        line((46.5691700578343, 15.647820119595025), (46.56918100646564, 15.64776986632603))
        line((46.56918100646564, 15.64776986632603), (46.56934224904461, 15.647622595494227))
        line((46.56934224904461, 15.647622595494227), (46.56954473904642, 15.647539414746774))
        line((46.56954473904642, 15.647539414746774), (46.56964598376385, 15.647517596846058))
        line((46.56964598376385, 15.647517596846058), (46.56991128147186, 15.647501232667395))
        line((46.56991128147186, 15.647501232667395), (46.570429686504326, 15.647292598713676))
        line((46.570429686504326, 15.647292598713676), (46.57083716531713, 15.646927627916938))
        line((46.57083716531713, 15.646927627916938), (46.571146404949815, 15.646465337123658))
        line((46.571146404949815, 15.646465337123658), (46.57144253331421, 15.64591337692346))
        line((46.57144253331421, 15.64591337692346), (46.5715010966245, 15.645744492788083))
        line((46.5715010966245, 15.645744492788083), (46.57154319193779, 15.645619471198046))
        line((46.57154319193779, 15.645619471198046), (46.571960046577686, 15.64509114759133))
        line((46.571960046577686, 15.64509114759133), (46.57180559445962, 15.64516484762234))
        line((46.57180559445962, 15.64516484762234), (46.571753270093325, 15.645122638824148))
        line((46.571753270093325, 15.645122638824148), (46.5716424373376, 15.644852779167678))
        line((46.5716424373376, 15.644852779167678), (46.57143654221704, 15.644817155539926))
        line((46.57143654221704, 15.644817155539926), (46.57139277974102, 15.64486628389568))
        line((46.57139277974102, 15.64486628389568), (46.57123437825339, 15.644973535758652))
        line((46.57123437825339, 15.644973535758652), (46.57113232127975, 15.644971929489458))
        line((46.57113232127975, 15.644971929489458), (46.5710622241815, 15.644863928703302))
        line((46.5710622241815, 15.644863928703302), (46.57101139061484, 15.644559618214771))
        line((46.57101139061484, 15.644559618214771), (46.57096446727982, 15.64443163716686))
        line((46.57096446727982, 15.64443163716686), (46.57095338815327, 15.644281851941997))
        line((46.57095338815327, 15.644281851941997), (46.570921843092606, 15.644195368314058))
        line((46.570921843092606, 15.644195368314058), (46.57063845909778, 15.644366809647778))
        line((46.57063845909778, 15.644366809647778), (46.570588514551616, 15.644409978982168))
        line((46.570588514551616, 15.644409978982168), (46.57047125326224, 15.644495264741664))
        line((46.57047125326224, 15.644495264741664), (46.57035204978908, 15.64455001613257))
        line((46.57035204978908, 15.64455001613257), (46.57010304912012, 15.64475322787996))
        line((46.57010304912012, 15.64475322787996), (46.5699609055261, 15.644846384135462))
        line((46.5699609055261, 15.644846384135462), (46.56991763401061, 15.644835271843135))
        line((46.56991763401061, 15.644835271843135), (46.569905596083544, 15.644840174783837))
        line((46.569905596083544, 15.644840174783837), (46.56991763401061, 15.64483667268334))
        line((46.56991763401061, 15.64483667268334), (46.569976860573405, 15.645051001234407))
        line((46.569976860573405, 15.645051001234407), (46.57012468619499, 15.6455539029445))
        line((46.57012468619499, 15.6455539029445), (46.57013495411468, 15.645682335097405))
        line((46.57013495411468, 15.645682335097405), (46.57015951137981, 15.645809111136458))
        line((46.57015951137981, 15.645809111136458), (46.57020760515334, 15.64590694452778))
        line((46.57020760515334, 15.64590694452778), (46.57042949122146, 15.64610691562038))
        line((46.57042949122146, 15.64610691562038), (46.5705466076958, 15.646229425766478))
        line((46.5705466076958, 15.646229425766478), (46.570592496699874, 15.646338247482333))
        line((46.570592496699874, 15.646338247482333), (46.57071873590695, 15.646419082704114))
        line((46.57071873590695, 15.646419082704114), (46.570858785540366, 15.646349534431351))
        line((46.570858785540366, 15.646349534431351), (46.57093579152928, 15.64628552540222))
        line((46.57093579152928, 15.64628552540222), (46.5709738343221, 15.646160369763038))
        line((46.5709738343221, 15.646160369763038), (46.57108942157086, 15.64599026849649))
        line((46.57108942157086, 15.64599026849649), (46.57119062651515, 15.645806584688103))
        line((46.57119062651515, 15.645806584688103), (46.571296473629076, 15.645787676162143))
        line((46.571296473629076, 15.645787676162143), (46.57137632311276, 15.645794429243296))
        line((46.57137632311276, 15.645794429243296), (46.57150190484418, 15.645742646128241))

        line((46.57279155076262, 15.644837129779575), (46.57279240812301, 15.645154332212911))
        line((46.57279240812301, 15.645154332212911), (46.57253862886398, 15.645027806908018))
        line((46.57253862886398, 15.645027806908018), (46.57279163497924, 15.645156328676592))
        line((46.57279163497924, 15.645156328676592), (46.57305582294455, 15.645465175851285))
        line((46.57305582294455, 15.645465175851285), (46.57309866030323, 15.645541221682834))

        line((46.57310436162865, 15.64449470921113), (46.57309064816414, 15.644591604011936))
        line((46.57309064816414, 15.644591604011936), (46.573050519347106, 15.64469702918285))
        line((46.573050519347106, 15.64469702918285), (46.57301635240498, 15.644737115893207))

        line((46.572307500140425, 15.645445591593244), (46.57223460308742, 15.645288087977605))
        line((46.57223460308742, 15.645288087977605), (46.57222337490893, 15.64521948798668))
        line((46.57222337490893, 15.64521948798668), (46.57216723398068, 15.645151354661863))
        line((46.57216723398068, 15.645151354661863), (46.571963706022984, 15.645085696675295))
        line((46.571963706022984, 15.645085696675295), (46.57195951145775, 15.64509115729868))


        line((46.571333482071026, 15.64472267988387), (46.571131385531345, 15.64497110033463))
        line((46.571131385531345, 15.64497110033463), (46.57106471597996, 15.644867789852583))
        line((46.57106471597996, 15.644867789852583), (46.57100803148029, 15.644933551997184))
        line((46.57100803148029, 15.644933551997184), (46.57078435519662, 15.644972286729228))
        line((46.57078435519662, 15.644972286729228), (46.57068753405875, 15.64486763161355))

        line((46.57096410083574, 15.644431685943005), (46.57068708945019, 15.644868039129136))
        line((46.57068708945019, 15.644868039129136), (46.57066479788455, 15.645117494047668))
        line((46.57066479788455, 15.645117494047668), (46.57057909196533, 15.645349790018201))
        line((46.57057909196533, 15.645349790018201), (46.570505966150364, 15.645332169214072))
        line((46.570505966150364, 15.645332169214072), (46.57041696265503, 15.645287190143648))
        line((46.57041696265503, 15.645287190143648), (46.570339326751196, 15.645298373234965))
        line((46.570339326751196, 15.645298373234965), (46.570308405270964, 15.64527406022242))
        line((46.570308405270964, 15.64527406022242), (46.5702737230487, 15.645217532471008))
        line((46.5702737230487, 15.645217532471008), (46.57026411230859, 15.645137907359072))
        line((46.57026411230859, 15.645137907359072), (46.57018041055801, 15.645067974834092))
        line((46.57018041055801, 15.645067974834092), (46.570151160423904, 15.644894136802122))
        line((46.570151160423904, 15.644894136802122), (46.57010394231645, 15.64475008221092))

        line((46.56996411710767, 15.644844277874938), (46.57003105224845, 15.645084738224227))
        line((46.57003105224845, 15.645084738224227), (46.57007468814439, 15.645232447408176))
        line((46.57007468814439, 15.645232447408176), (46.57012648023692, 15.645280497383709))
        line((46.57012648023692, 15.645280497383709), (46.57016399888741, 15.64542286768085))
        line((46.57016399888741, 15.64542286768085), (46.57018074371655, 15.64553437276416))
        line((46.57018074371655, 15.64553437276416), (46.570219893572414, 15.645658946772926))
        line((46.570219893572414, 15.645658946772926), (46.57020602818781, 15.645903348986536))
        line((46.57020602818781, 15.645903348986536), (46.57015800136446, 15.645806875802236))
        line((46.57015800136446, 15.645806875802236), (46.57014460669993, 15.646148498234481))
        line((46.57014460669993, 15.646148498234481), (46.57012466360297, 15.646452451157643))
        line((46.57012466360297, 15.646452451157643), (46.5705687195906, 15.645941057008258))
        line((46.5705687195906, 15.645941057008258), (46.5706636439709, 15.645725404736226))
        line((46.5706636439709, 15.645725404736226), (46.570546035377475, 15.64548467546058))
        line((46.570546035377475, 15.64548467546058), (46.57054515129178, 15.645393368331327))
        line((46.57054515129178, 15.645393368331327), (46.57057742041036, 15.645350286798418))

        line((46.57097332408796, 15.646163108582215), (46.570910018253784, 15.646157538796473))
        line((46.570910018253784, 15.646157538796473), (46.57083599117601, 15.646069536187753))
        line((46.57083599117601, 15.646069536187753), (46.57068831990341, 15.645838576676823))
        line((46.57068831990341, 15.645838576676823), (46.5706638145364, 15.645725696002955))
        line((46.5706638145364, 15.645725696002955), (46.57068857540733, 15.64584117621925))
        line((46.57068857540733, 15.64584117621925), (46.570646201203175, 15.646049486535901))
        line((46.570646201203175, 15.646049486535901), (46.57058873898836, 15.646332199288025))
        line((46.57058873898836, 15.646332199288025), (46.570617136075526, 15.646540410129035))
        line((46.570617136075526, 15.646540410129035), (46.57058855747519, 15.646697763677821))
        line((46.57058855747519, 15.646697763677821), (46.57052729222201, 15.64684512414496))
        line((46.57052729222201, 15.64684512414496), (46.570475486628084, 15.646935553518801))
        line((46.570475486628084, 15.646935553518801), (46.57029029769572, 15.647117377116217))
        line((46.57029029769572, 15.647117377116217), (46.57004852999938, 15.64729957413033))
        line((46.57004852999938, 15.64729957413033), (46.56967700013874, 15.647426967755848))
        line((46.56967700013874, 15.647426967755848), (46.56963407659154, 15.647519885223886))

        line((46.56967868342167, 15.646441672109233), (46.569846385180654, 15.646537599868282))
        line((46.569846385180654, 15.646537599868282), (46.57000353462655, 15.646576387688015))
        line((46.57000353462655, 15.646576387688015), (46.570059871258564, 15.646534133213748))
        line((46.570059871258564, 15.646534133213748), (46.57012589067469, 15.646450904702249))
        line((46.57012589067469, 15.646450904702249), (46.570059749628, 15.646534587078776))
        line((46.570059749628, 15.646534587078776), (46.57000321131525, 15.646577097209871))
        line((46.57000321131525, 15.646577097209871), (46.569940066992274, 15.646621519353715))
        line((46.569940066992274, 15.646621519353715), (46.56978292474787, 15.646865147540154))
        line((46.56978292474787, 15.646865147540154), (46.56970443818486, 15.647027264280865))
        line((46.56970443818486, 15.647027264280865), (46.56948797044555, 15.647433733905302))
        line((46.56948797044555, 15.647433733905302), (46.56926173830337, 15.64769631274217))

        line((46.56719873508234, 15.647957371096624), (46.56731461519891, 15.648087139257314))
        line((46.56731461519891, 15.648087139257314), (46.56719638729166, 15.648081285054644))
        line((46.56719638729166, 15.648081285054644), (46.56719177369939, 15.648306396235029))
        line((46.56719177369939, 15.648306396235029), (46.567001877112546, 15.648389750737806))
        line((46.567001877112546, 15.648389750737806), (46.5667161180038, 15.648645147855405))
        line((46.5667161180038, 15.648645147855405), (46.56656047179618, 15.648754304561919))
        line((46.56656047179618, 15.648754304561919), (46.56645203671664, 15.648822860917278))
        line((46.56645203671664, 15.648822860917278), (46.566175270670925, 15.649064576787765))
        line((46.566175270670925, 15.649064576787765), (46.56593815852014, 15.649201712064382))

        line((46.566193534242046, 15.648327265186737), (46.566233600254776, 15.648364842380062))
        line((46.566233600254776, 15.648364842380062), (46.566267535925476, 15.648424392677072))
        line((46.566267535925476, 15.648424392677072), (46.56629249505073, 15.648425348029804))
        line((46.56629249505073, 15.648425348029804), (46.566294684447115, 15.648499865514083))
        line((46.566294684447115, 15.648499865514083), (46.56640399343786, 15.648623455411098))
        line((46.56640399343786, 15.648623455411098), (46.56656947920345, 15.648747413781422))

        line((46.56924724041548, 15.648357844932008), (46.56913341401108, 15.648199687606194))
        line((46.56913341401108, 15.648199687606194), (46.569146091960306, 15.648162840114907))
        line((46.569146091960306, 15.648162840114907), (46.56913885885501, 15.648118925515405))
        line((46.56913885885501, 15.648118925515405), (46.5691133857369, 15.648087361896444))
        line((46.5691133857369, 15.648087361896444), (46.56918033663001, 15.64776949012628))
        line((46.56918033663001, 15.64776949012628), (46.56893757421096, 15.648000328595543))
        line((46.56893757421096, 15.648000328595543), (46.56885620442836, 15.648080743578731))
        line((46.56885620442836, 15.648080743578731), (46.568806983386025, 15.648111642926807))
        line((46.568806983386025, 15.648111642926807), (46.56860595382386, 15.648190775402156))
        line((46.56860595382386, 15.648190775402156), (46.56857897475359, 15.648162389919037))
        line((46.56857897475359, 15.648162389919037), (46.56855669564743, 15.647980008403806))
        line((46.56855669564743, 15.647980008403806), (46.56834851189703, 15.648185178705916))
        line((46.56834851189703, 15.648185178705916), (46.568341797827344, 15.648236058111365))
        line((46.568341797827344, 15.648236058111365), (46.56834461926363, 15.648319976633076))
        line((46.56834461926363, 15.648319976633076), (46.56842633020656, 15.648301814627644))
        line((46.56842633020656, 15.648301814627644), (46.56821425318495, 15.648561039649763))
        line((46.56821425318495, 15.648561039649763), (46.56816309908669, 15.64865298154524))
        line((46.56816309908669, 15.64865298154524), (46.568073024671264, 15.648729639491506))
        line((46.568073024671264, 15.648729639491506), (46.568023577917614, 15.64874038665505))
        line((46.568023577917614, 15.64874038665505), (46.56796257323052, 15.648720545730924))
        line((46.56796257323052, 15.648720545730924), (46.56785174401179, 15.648665156502432))
        line((46.56785174401179, 15.648665156502432), (46.567668258064515, 15.64842816576197))
        line((46.567668258064515, 15.64842816576197), (46.5675571080738, 15.648291083039027))
        line((46.5675571080738, 15.648291083039027), (46.56756222330122, 15.648211719369897))

        line((46.56895451925408, 15.648310651799306), (46.56895184443309, 15.648186063402278))
        line((46.56895184443309, 15.648186063402278), (46.56894184396003, 15.647996085582122))
        line((46.56894184396003, 15.647996085582122), (46.56897024529914, 15.647969319947777))
        line((46.56897024529914, 15.647969319947777), (46.569065096939, 15.648105336701121))
        line((46.569065096939, 15.648105336701121), (46.56909228528994, 15.648084222582753))
        line((46.56909228528994, 15.648084222582753), (46.569113977958324, 15.648087058890695))
        line((46.569113977958324, 15.648087058890695), (46.56913828556088, 15.648118446788175))
        line((46.56913828556088, 15.648118446788175), (46.56914658338866, 15.648162535598573))
        line((46.56914658338866, 15.648162535598573), (46.569133790904374, 15.64819958361079))
        line((46.569133790904374, 15.64819958361079), (46.569106361964, 15.648215676864709))
        line((46.569106361964, 15.648215676864709), (46.56909847997744, 15.64830924581878))
        line((46.56909847997744, 15.64830924581878), (46.56910654691103, 15.648216138474197))
        line((46.56910654691103, 15.648216138474197), (46.56907936484714, 15.64820976125796))
        line((46.56907936484714, 15.64820976125796), (46.569066738335096, 15.648197517004547))
        line((46.569066738335096, 15.648197517004547), (46.569059197500565, 15.64817736500379))
        line((46.569059197500565, 15.64817736500379), (46.5690562162398, 15.648160018978189))
        line((46.5690562162398, 15.648160018978189), (46.56906480928464, 15.648105174926116))

        line((46.56855605259139, 15.647980882212352), (46.56860397841288, 15.647947408302912))
        line((46.56860397841288, 15.647947408302912), (46.568817413446, 15.647868138590212))
        line((46.568817413446, 15.647868138590212), (46.56894853260178, 15.64790270968254))
        line((46.56894853260178, 15.64790270968254), (46.568974078785345, 15.647922364088345))
        line((46.568974078785345, 15.647922364088345), (46.56898740873282, 15.64795360782361))

        line((46.56757190600092, 15.648700090253442), (46.56767456748756, 15.648434858410951))
        line((46.56767456748756, 15.648434858410951), (46.567802649641095, 15.648602672659933))
        line((46.567802649641095, 15.648602672659933), (46.5677464304124, 15.648692979480302))

        line((46.57042942241628, 15.64729332254663), (46.57055510971705, 15.647578597427241))
        line((46.57055510971705, 15.647578597427241), (46.57060314530389, 15.647717819975895))
        line((46.57060314530389, 15.647717819975895), (46.57060495115218, 15.647755121111715))

        line((46.56526949893703, 15.646980114822554), (46.565228232814064, 15.646955312756205))
        line((46.565228232814064, 15.646955312756205), (46.56517741746262, 15.646957296921528))
        line((46.56517741746262, 15.646957296921528), (46.565134787097435, 15.646986067318494))
        line((46.565134787097435, 15.646986067318494), (46.565091133568785, 15.647089739956385))
        line((46.565091133568785, 15.647089739956385), (46.5650751045296, 15.647205317587435))
        line((46.5650751045296, 15.647205317587435), (46.565080220181244, 15.647295101068124))
        line((46.565080220181244, 15.647295101068124), (46.56509843417689, 15.647361655269492))
        line((46.56509843417689, 15.647361655269492), (46.56513954108496, 15.647420524717205))
        line((46.56513954108496, 15.647420524717205), (46.56518697209398, 15.647440761089427))
        line((46.56518697209398, 15.647440761089427), (46.56523566788712, 15.647447199935101))
        line((46.56523566788712, 15.647447199935101), (46.56526475885914, 15.647424204057586))
        line((46.56526475885914, 15.647424204057586), (46.56530207117032, 15.647370853620515))
        line((46.56530207117032, 15.647370853620515), (46.565328632461075, 15.647304625493177))
        line((46.565328632461075, 15.647304625493177), (46.56534381033586, 15.647235637859382))
        line((46.56534381033586, 15.647235637859382), (46.56534381033586, 15.647157451874563))

        line((46.56534381033586, 15.647157451874563), (46.5652685533326, 15.64698176336779))
        line((46.56408066927568, 15.648912783432223), (46.56408642442537, 15.648877440878266))
        line((46.56408642442537, 15.648877440878266), (46.564083866580916, 15.64871700428813))
        line((46.564083866580916, 15.64871700428813), (46.56408706388632, 15.64867096596339))
        line((46.56408706388632, 15.64867096596339), (46.56410880555546, 15.64861376683126))
        line((46.56410880555546, 15.64861376683126), (46.56412671045331, 15.648605861259682))
        line((46.56412671045331, 15.648605861259682), (46.56414717318603, 15.648603536091173))
        line((46.56414717318603, 15.648603536091173), (46.56415900320022, 15.648612836764102))
        line((46.56415900320022, 15.648612836764102), (46.564170833211506, 15.648631903140682))
        line((46.564170833211506, 15.648631903140682), (46.564174989701314, 15.648661200257408))
        line((46.564174989701314, 15.648661200257408), (46.56417562916238, 15.64868259180085))
        line((46.56417562916238, 15.64868259180085), (46.564167635912526, 15.648717469320616))
        line((46.564167635912526, 15.648717469320616), (46.56415548617008, 15.648738860865734))
        line((46.56415548617008, 15.648738860865734), (46.564144935076115, 15.64874537133602))
        line((46.564144935076115, 15.64874537133602), (46.56412734991491, 15.648752811873464))
        line((46.56412734991491, 15.648752811873464), (46.56411296205033, 15.648746766434925))
        line((46.56411296205033, 15.648746766434925), (46.564107846364635, 15.648730025225717))
        line((46.564107846364635, 15.648730025225717), (46.56411615935363, 15.648715609185018))
        line((46.56411615935363, 15.648715609185018), (46.564112002859275, 15.648699333008778))
        line((46.564112002859275, 15.648699333008778), (46.5641158396233, 15.64867422119491))
        line((46.5641158396233, 15.64867422119491), (46.56412958802582, 15.648669570859084))
        line((46.56412958802582, 15.648669570859084), (46.56414685345615, 15.648686312068293))
        line((46.56414685345615, 15.648686312068293), (46.56414685345615, 15.648711423882133))
        line((46.56414685345615, 15.648711423882133), (46.56413790101146, 15.648727235024182))
        line((46.56413790101146, 15.648727235024182), (46.564127349914116, 15.648727700058316))
        line((46.564127349914116, 15.648727700058316), (46.564116479083935, 15.648717469319365))

        line((46.56809079372238, 15.648262289040076), (46.56803568428555, 15.648344672599364))
        line((46.568019070064906, 15.648211412218558), (46.56801543075861, 15.648330633077876))
        line((46.56801543075861, 15.648330633077876), (46.56799231817644, 15.648333315202564))
        line((46.56799231817644, 15.648333315202564), (46.56794584480721, 15.648251075847497))

        line((46.56811226472385, 15.648506839836216), (46.56804564925048, 15.648442628292003))
        line((46.567997158706305, 15.648573562199203), (46.568003226139666, 15.648466526193346))
        line((46.5679114647871, 15.648511607658946), (46.5679747459113, 15.648445048888902))

        line((46.568054820941995, 15.648377113615084), (46.568053819164845, 15.648422596039865))
        line((46.568053819164845, 15.648422596039865), (46.568045645323025, 15.64844378132517))
        line((46.568045645323025, 15.64844378132517), (46.56802269409951, 15.648466955818918))
        line((46.56802269409951, 15.648466955818918), (46.56800397403097, 15.648466582615328))
        line((46.56800397403097, 15.648466582615328), (46.56798472686512, 15.648457829800435))
        line((46.56798472686512, 15.648457829800435), (46.5679746540645, 15.648444782783287))
        line((46.5679746540645, 15.648444782783287), (46.56796144001862, 15.648409320475025))
        line((46.56796144001862, 15.648409320475025), (46.56796204961012, 15.648383956974982))


        bent_line((46.56500289675205, 15.645047577097245), (46.56494068949911, 15.645268701192151), 60)
        bent_line((46.56494068949911, 15.645268701192151), (46.56475013829467, 15.645241322055114), 60)

        bent_line((46.564947635279964, 15.64526053218367), (46.56492566631442, 15.645133038237958), -60)
        bent_line((46.56492566631442, 15.645133038237958), (46.56486371378466, 15.645184483162893), -60)
        bent_line((46.56486371378466, 15.645184483162893), (46.564904795789175, 15.645260851717012), -60)
        bent_line((46.564904795789175, 15.645260851717012), (46.56494851403838, 15.645262129851801), -60)

        bent_line((46.56419229608272, 15.64901789329329), (46.56410126642868, 15.648932106885667), -60)
        bent_line((46.56410126642868, 15.648932106885667), (46.56400171322446, 15.649031777798314), -60)

        bent_line((46.56418574746141, 15.649166292610175), (46.56410063457244, 15.649241906706237), 60)
        bent_line((46.56410063457244, 15.649241906706237), (46.56399021765225, 15.649090678514085), 60)


        bent_line((46.56611495600069, 15.647559082927728), (46.56602491179797, 15.647774385855115), 60)
        bent_line((46.56602491179797, 15.647774385855115), (46.56590496467152, 15.647769401177243), 60)
        bent_line((46.56590496467152, 15.647769401177243), (46.565804102564584, 15.647554056430351), 60)

        bent_line((46.568194919674454, 15.64835152843105), (46.56809017736137, 15.648152200228338), -60)
        bent_line((46.56809017736137, 15.648152200228338), (46.56795504810495, 15.648139240645719), -60)
        bent_line((46.56795504810495, 15.648139240645719), (46.56782981836841, 15.648325714245516), -60)

        bent_line((46.56813882695542, 15.648365447057301), (46.56801775390949, 15.648211071319025), -60)
        bent_line((46.56801775390949, 15.648211071319025), (46.567885346055704, 15.648351957914372), -60)

        bent_line((46.56813904718743, 15.648365690607164), (46.56805397099478, 15.648575027503), 60)
        bent_line((46.56805397099478, 15.648575027503), (46.56792092205606, 15.648530870501446), 60)
        bent_line((46.56792092205606, 15.648530870501446), (46.56788459625059, 15.648350426452765), 40)

    }

    drevo {(46.5660115982499, 15.648606401531907)}
    drevo {(46.565635313806155, 15.648834683870007)}
    drevo {(46.5657979065584, 15.64855146659562)}
    drevo {(46.565534170080554, 15.648416705097418)}
    drevo {(46.565372545558375, 15.64831443953409)}

    klop {(46.56490650598383, 15.645185138288326)}
    klop {(46.57242364724553, 15.646889378448975)}
    klop {(46.56619072838018, 15.647320228358097)}
    klop {(46.57160532280875, 15.645590840016212)}
    klop {(46.56412802510479, 15.649111070994735)}

    kos {(46.566436927077234, 15.646356104759178 ) }
    kos {(46.564654889104446, 15.649630275750383 ) }


    ellip((46.56979308705018, 15.647903898271569), 0.0007, 0.0005)

    ellip((46.571882147613906, 15.645861564993567), 0.0003, 0.0003)
    ellip((46.571591857220284, 15.646407278765082), 0.0003, 0.0003)
    ellip((46.57124931118372, 15.64693335174033), 0.0003, 0.0003)
    ellip((46.570873501879504, 15.6473582281142), 0.0003, 0.0003)

    ellip((46.57257537821465, 15.646755332795891), 0.0002, 0.0004)

    ellip((46.56361271051858, 15.64946200395437), 0.0003, 0.00025 )


    //ellip((46.56361271051858, 15.64946200395437), 0.0002, 0.0002 )
    //ellip((46.57254453897008, 15.646728311954917), 0.0003, 0.0004)
}


