park mariborski_park {
    boundary: {
        (46.56398346013691, 15.644262632073346)
        (46.56404734413118, 15.648049475617459) (46.56314408259078, 15.648221319753688)
        (46.56310059180661, 15.649967885453473) (46.56556643032902, 15.649835250352192)
        (46.56626079159691, 15.64906986190545) (46.56743910917722, 15.648673403889358)
        (46.56944139560885, 15.648407858916862) (46.57097382823161, 15.647686973290618)
        (46.572202273337155, 15.645346760493103) (46.57068687417919, 15.643776483979083)

        (46.57037533732324, 15.644338667939735) (46.569931529890994, 15.645179284396903)
        (46.57009000885978, 15.645662459592671) (46.57002683305038, 15.64653449855507)
        (46.56970557620113, 15.6463585265667) (46.569450553867654, 15.646814490316615)
        (46.5690838956514, 15.646920518324947) (46.56862784936362, 15.646487173565077)
        (46.56769723252012, 15.647041216335367) (46.56774789479849, 15.64767680067672)
        (46.56714627719242, 15.647787337084083) (46.56690361593175, 15.64745553498733)

        (46.56683472567485, 15.64716657892145)
        (46.56672094532206, 15.64721700366885)
        (46.566647165746616,15.647178215401254)
        (46.566648054657776,15.646861444559107)
        (46.56651738456401, 15.64653562312159)
        (46.56650279073381, 15.64567497863171)
        (46.566373898121384, 15.645646533903317)
        (46.566373898121384, 15.64517848882221)
    }

      pot {
            line((46.56399832609, 15.647936709629732), (46.56401650981266, 15.648092188087276))
            line((46.56401650981266, 15.648092188087276), (46.564013754703524, 15.648251673721461))
            line((46.564013754703524, 15.648251673721461), (46.564041305788265, 15.648344640221637))
            line((46.564041305788265, 15.648344640221637), (46.56405670743209, 15.648825961695792))
            line((46.56405670743209, 15.648825961695792), (46.564078323315584, 15.648912318002488))
            line((46.56407771872364, 15.648937819198665), (46.564078323315584, 15.648912318002488))
        }

    kos {(46.56647175408932, 15.646374001950306 ) }



}

